       0/9     10.2G   0.08882   0.04232   0.07086     0.202        60      1280         0         0         0         0         0         0         0
       1/9     13.1G   0.08161   0.03871   0.04255    0.1629        80      1280         0         0         0         0         0         0         0
       2/9     13.1G   0.06436   0.03283   0.02909    0.1263        68      1280         0         0         0         0         0         0         0
       3/9     13.1G   0.05201   0.02946   0.01985    0.1013       129      1280    0.1443    0.2055    0.1675   0.07716   0.04149   0.02777   0.01437
       4/9     13.1G   0.04643    0.0279   0.01563   0.08997        84      1280    0.1756    0.2697    0.2158     0.103    0.0371   0.02565   0.01112
       5/9     13.1G   0.04226   0.02642   0.01316   0.08184        64      1280    0.1816    0.3023    0.2374    0.1185   0.03533   0.02472  0.009941
       6/9     13.1G    0.0395   0.02488   0.01193   0.07631        56      1280    0.2232     0.336    0.2799    0.1423     0.033   0.02406  0.009117
       7/9     13.1G   0.03714   0.02479   0.01081   0.07275        70      1280    0.1871    0.3775    0.3024    0.1587   0.03122   0.02292  0.008139
       8/9     13.1G   0.03498   0.02341   0.01006   0.06845        61      1280    0.2211      0.41    0.3227     0.168    0.0303   0.02237   0.00743
       9/9     13.1G   0.03355   0.02311  0.009006   0.06568        87      1280    0.3145    0.3865    0.3318    0.1782   0.02957   0.02205  0.007605
