11 0.809375 0.350586 0.043750 0.044922
11 0.602344 0.394531 0.032813 0.023438
11 0.603906 0.357422 0.032813 0.050781
11 0.449219 0.380859 0.035938 0.015625
11 0.449219 0.395508 0.035938 0.013672
11 0.392188 0.386719 0.009375 0.015625
11 0.342969 0.387695 0.017188 0.005859
11 0.220313 0.372070 0.015625 0.009766
11 0.117969 0.417969 0.035938 0.023438
11 0.118750 0.446289 0.028125 0.029297
2 0.271094 0.401367 0.014063 0.013672
2 0.302344 0.409180 0.014063 0.009766
2 0.332031 0.415039 0.014063 0.013672
2 0.354688 0.417969 0.021875 0.015625
2 0.361719 0.453125 0.045313 0.042969
2 0.429688 0.427734 0.025000 0.023438
